patient.BW=89.4823225955
patient.Age=56.3143008253
patient.Height=163.905691387
patient.Sex=F
