patient.BW=97.7134413566
patient.Age=61.9661677823
patient.Height=171.95671564
patient.Sex=F
