patient.BW=84.9397343326
patient.Age=60.4077324598
patient.Height=164.327861245
patient.Sex=M
pump.insulin_multiplier=6.7